SUBJECT: 01-B1
LEVEL 1
OVERALL: 38.46153846153846 ARTICLES: 84.61538461538461 CITATIONS: 38.46153846153846 HINDEX: 30.76923076923077
LEVEL 2
OVERALL: 44.11764705882353 ARTICLES: 67.6470588235294 CITATIONS: 52.94117647058823 HINDEX: 61.76470588235294

